TOTAL RUNS : 40
  -- Total averages -- :
WCAD-Halfcut : 35.1319423076923
WCAS-Halfcut : 34.3630192307692
WCASU-Halfcut : 34.1894807692308
