WCAD-Halfcut : 23.50675
WCAS-Halfcut : 25.13075
WCASU-Halfcut : 22.31325
