WCAS-Halfcut : 25.24875
WCASU.DL-halfcut : 21.64125
