WCAS-Halfcut : 41.04375
WCASU.DL-halfcut : 38.80125
