WCAD-Halfcut : 57.3565
WCAS-Halfcut : 61.52375
WCASU-Halfcut : 55.78525
