WCAD-Halfcut : 26.52925
WCAS-Halfcut : 17.92675
WCASU-Halfcut : 19.13775
